Nom_PaGE;localisation;Date_debut;Date_fin;Heure_deb;Heure_fin;activites;Prix;Point de depart ;condition;Programme;Column12
YES ADVENTURE;Monastère De Tibhirine – Média;02/11/2022;02/11/2022;07:00;19:00;Visite Guidée Au Monastère De Tibhirine – Média;1700;AlgerCentre;;;
YES ADVENTURE;#NAME?;;;;;Sortie Plage en automne ;;;;;
YES ADVENTURE;Wilaya de Sétif;05-nov-22;05-nov-22;?6:00;20:30;Tahmima à Hammam Sokhna;2000;AlgerCentre;;;
YES ADVENTURE; Kabylie Ighil-Tekdhibine - Maatkas;05-nov-22; ;06:45;20:30;Visite guidée au Village Ighil-Tekdhibine;1700;Alger Centre;;;
YES ADVENTURE;Forêt d'Akfadou Béjaïa;05-nov-22; 05nov22;06:45;20:30;Randonnée Pédestre vers Lac Urufel;1700;Alger Centre;;;
YES ADVENTURE;Tala Guillef - Thabourth Lansar ;04/11/2022;04/11/2022;06:00;22:00;Randonnée Pédestre - Traversée du Djurdjura;2000;Alger Centre;" Beaucoup de dénivelé positive et négative ;
Ce programme nécessite une très bonne condition physique et une endurance ;
 Ce qui ne peuvent pas suivre la cadence élevé de nôtre marche qu'il s'abstiennent , merci pour votre compréhension ;
 Très important : il y a un passage où le sentier fait 50 cm de largeur et le vide au-dessous plus de 200 mètres.
";;
YES ADVENTURE;citra;04/11/2022;04/11/2022;06:00;21:30;visite accompagné d'un guide local historique;2000;Alger Centre;;;
YES ADVENTURE;;04/11/2022;04/11/2022;07:45;;Randonnée Organisée vers le Mont de Tazarin ;1600;Alger Centre;;;
YES ADVENTURE; Lac Vert (Agoulmim Mezzo);28/10/2022;28/10/2022;08:00;20:00;Randonnée de sensibilisation contre le cancer du sein à la forêt d'Akfadou;1600;Alger Centre;femme seulement ;Hotel;
YES ADVENTURE;Ath Yenni;29/10/2022;29/10/2022;06:45;20:30;découvrir le village d'Ath Yenni ;1700;Alger Centre;;;
YES ADVENTURE;Monastère De Tibhirine – Média;02/11/2022;02/11/2022;07:00;19:00;Visite Guidée Au Monastère De Tibhirine;1700;Alger Centre;;;
YES ADVENTURE;casbah;29/10/2022;05/11/2022;09:45;17:30;Visite Guidée à la Casbah d'Alger ;1200;Alger Centre;gratuit (enfant );;
YES ADVENTURE;FORÊT D’AKFADOU;05/11/2022;05/11/2022;06:45;17:30;Randonnée Pédestre vers le LAC URUFEL;1200;Alger Centre;;;
YES ADVENTURE;TAZARIN;04/11/2022;04/01/2022;06:45;16:00;"Randonnée vers TAZARIN""";1400;Alger Centre;;;
YES ADVENTURE;;28/10/2022;30/10/2022;06:30;20:30;Séjour à Constantine – Guelma – Hammam Meskhoutine ;14000;Alger Centre;"Visiter Les Sites Touristiques Suivants (ticket d’accès inclus dans le prix) :
- Palais Ahmed Bey ;
- Musée Cirta ;
- Hai Eswika ;
- Jardin Bardot ;
- Mosquée Emir Abdelkader ;
- Statue de Constantin & Gare Ferroviaire ;
- Pont Mellah Slimane ;
- Pont Sidi Rachid ;
- Pont du Diable ;
- Rue de Yougoslavie ;
- Pont du Pigeon ;
- Pont de Sidi M'Sid ;
- Monument aux Morts ;
- Jardin de Sousse ;
- Pont Bab Al Qantara ;
- Pont Ottoman ;
- Pont Romain & Derb EL Siyah ;
- Théâtre Régional de Constantine ;
- Diner traditionnelle le Vendredi : Salade Algérienne + Chorba Frik + Chekhchoukha au Poulet + Boissons soft et eau Minérale + Thé Maison) ;
- Soirée Musicale animée par un Groupe Local de MALOUF.
?? (Guelma) :
- Visiter de la Grotte Ben Osmane ;
- Tahmima dans complexe touristique thermal (Hammam Meskhoutine) des chambres privées ;
- Visiter les fameuses Chutes de Hamam Debagh ;
- Visite du Lieu de Naissance de l'Ancien Président Houari Boumediene """"Mohamed Boukherouba"""" ;
- Visite de la Ville de Guelma ;
- Visite du Théâtre Romain de Guelma.";GREENLAND ;
YES ADVENTURE;;;;;;RANDONNÉE ORGANISÉE A LA FORET DES CÈDRES;;;;;
YES ADVENTURE;;;;;;;;;;;
YES ADVENTURE;;;;;;;;;;;
YES ADVENTURE;;;;;;;;;;;
YES ADVENTURE;;;;;;;;;;;
YES ADVENTURE;Tenaient EL HAD;01/11/2022;01/11/2022;06:45;20:30; RANDONNÉE ORGANISÉE A LA FORET DES CÈDRES;1700;Alger Centre;;;
YES ADVENTURE; Bou Saâda;28/10/2022;28/10/2022;06:30;21:30;Visite Culturel & Touristique;2000;Alger Centre;;;
YES ADVENTURE;Pont des 9 mètres vers Lac Urufel;28/10/2022;28/10/2022;06:30;21:00;Randonnée Pédestre - Traversée de la forêt d'Akfadou;1700;Alger Centre;;;
YES ADVENTURE; Sommet de Lalla Khedidja ;22/10/2022;22/10/2022;06:30;21:00;Randonnée Pédestre vers le Sommet de Lalla Khedidja ;2000;Alger Centre;;;
YES ADVENTURE;Ben Aknoun;14/10/2022;15/10/2022;06:45;21:00;Bivouac;3500;Alger Centre;;;
YES ADVENTURE;Biskra;30/10/2022;01/10/2022;06:30;20:30;Voyage organisé vers Biskra et le Canyon de Ghoufi;14000;;"(Constantine) :
- Visiter Les Sites Touristiques Suivants (ticket d’accès inclus dans le prix) :
- Palais Ahmed Bey ;
- Musée Cirta ;
- Hai Eswika ;
- Jardin Bardot ;
- Mosquée Emir Abdelkader ;
- Statue de Constantin & Gare Ferroviaire ;
- Pont Mellah Slimane ;
- Pont Sidi Rachid ;
- Pont du Diable ;
- Rue de Yougoslavie ;
- Pont du Pigeon ;
- Pont de Sidi M'Sid ;
- Monument aux Morts ;
- Jardin de Sousse ;
- Pont Bab Al Qantara ;
- Pont Ottoman ;
- Pont Romain & Derb EL Siyah ;
- Théâtre Régional de Constantine ;
- Diner traditionnelle le Vendredi : Salade Algérienne + Chorba Frik + Chekhchoukha au Poulet + Boissons soft et eau Minérale + Thé Maison) ;
- Soirée Musicale animée par un Groupe Local de MALOUF.";;
YES ADVENTURE;TASSILI DU HOGGAR- ASSEKREM;27/10/2022;02/10/2022;06:00;22:00;Voyage organisé vers Tamanrasset;68000;"??Plus transfert par Avion ?? Alger -Tamanrasset - Alger (Aller-Retour)
??Déplacement en 4X4 ???? Une fois arrivé à Tamanrasset
?? Hébergement en bivouac ??
?? Pension complète (petit déjeuner ??+ déjeuner?? + diner??) et bien sur le thé sahraoui
?? Guide touareg francophone et arabophone
?? L’organisation et la logistique complète du circuit.
?? Soirée animée durant tout le séjour";;;
YES ADVENTURE;Tenaient EL HAD;14/10/2022;14/10/2022; 6:45;20:30;RANDONNÉE ORGANISÉE A LA FORET DES CÈDRES;1700;;;;
YES ADVENTURE;Tenaient EL HAD;13/10/2022;13/10/2022;07:00;20:30;Randonnée au Parc National de Theniet El Had;1650;;;;
YES ADVENTURE;Casbah d'Alger ;08/10/2022;08/10/2022;10:00;21:00;Mawlid Nabawi Charif à la Casbah d'Alger;3800;;;"Regroupement à 10:00 au niveau de la Place des Martyrs à la Sortie de la Bouche de Métro""""???? ???????""""
- Visite Guidée des monuments historiques de la casbah d’Alger ( Mustapha Bacha, Ancienne Maisonnette)
- Déjeuner traditionnel: Salade variée + Chorba + Bourak + Rechta avec du Poulet + Eau Minérale + Boisson Gazeuse + Thé + Gâteau Traditionnel ;
- EL Hana """"?????"""";
- Boukalat """"???????"""";
- Soirée Musicale Chaabi;
- Guide, assistance et sécurité durant tout l’événement.";
YES ADVENTURE;Tala Guillef - Pont MÜLLER;07/10/2022;07/10/2022;06:30;21:00;Randonnée Pédestre;1800;;;;
YES ADVENTURE;Atlas Blidéen;07/10/2022;07/10/2022;07:00;19:30;Randonnée Semi-Aquatique;1700;Alger Centre;;;
YES ADVENTURE;Les Cascades de Zonday;01/10/2022;01/10/2022;07:00;19:00;Randonnée;1700;Alger Centre;;;
YES ADVENTURE;Media;01/10/2022;01/10/2022;07:00:00;19:00:00;Visite Guidée Au Monastère De Tibhirine;1700;Alger Centre;;;
YES ADVENTURE;Thenia EL had;30/09/2022;30/09/2022;06:45;20:30;"Visite guidée au Monastère de Tibhirine""";1700;Alger Centre;;;
YES ADVENTURE;Cascades Cachées de ZONDAY;30/09/2022;30/09/2022;07:00;19:00;Randonnée vers les Cascades Cachées de ZONDAY;1700;Alger Centre;;;
YES ADVENTURE;Taghit t beni abas;09/10/2022;13/09/2022;19:00;20:00;Séjour Taghit & Beni Abbès;5000;Alger Centre;;" Randonnée facile (4 km au total ) ????
- Découvrir le LAC Vert ??
- Une Séance de sensibilisation contre le cancer du sein.
- Pique-nique ?? en plein nature ??.
- Temps libre, relaxatio";
YES ADVENTURE; Cherchell & Tipaza ;23/09/2022;23/09/2022;07:45;19:00;Visite Guidée à Cherchell & Tipaza ;2000;Alger Centre;;;
YES ADVENTURE;Dellys;04/09/2022;24/09/2022;06:45;20:00;Visite Guidée à Delly;1700;Alger Centre;;;
YES ADVENTURE;Cap Carbon ;23/09/2022;23/09/2022;06:30;21:30;Visite Culturel & Touristique à Béjaia;2000;Alger Centre;;;
YES ADVENTURE;Tigzirt ;16/09/2022;16/09/2022;07:00;20:00;Sortie organisée à la magnifique plage Mizrana;1600;Blida;;;
YES ADVENTURE;plage à Tigzirt;16/09/2022;16/09/2022;07:00;20:00;sortie  bord de la mer;2000;Alger Centre;;;
YES ADVENTURE;Beni Haoua;17/09/2022;17/09/2022;06:15;21:30;Sortie organisée à la magnifique plage sauvage Remilia ;2200;Alger Centre;;"Découvrir la magnifique plage sauvage Remilia Beni Haoua.
- Départ par Barque pour accéder à la plage.
- Transport confortable Aller-Retour
- Temps libre, Baignade ou relaxation ??
- Petit déjeuner (croissant + jus) inclus dans le prix
- Détente et découverte
- Une tente est disponible pour se changer";
YES ADVENTURE;Tigzirt;09/09/2022;09/09/2022;06:45;18:00;Sortie organisée à la magnifique plage Mizrana;1600;Alger Centre;;;
YES ADVENTURE;Plage TIZA;02/09/2022;02/09/2022;07:30;20:00;sortie Plage TIZA;2000;Alger Centre;;;
YES ADVENTURE;Plage CAP IVI, Monstaganem;02/09/2022;02/09/2022;07:30;20:00;Plage CAP IVI, Monstaganem;2000;Alger Centre;;;
YES ADVENTURE;Plage privée ADIM, Zemmouri;02/09/2022;02/09/2022;07:30;20:00;Plage privée ADIM, Zemmouri;2000;Alger Centre;;;
YES ADVENTURE;plage Cap Ivi - Mostaganem ;03/09/2022;03/09/2022;06:15;22:00;plage Cap Ivi - Mostaganem ;2000;Alger Centre;;;
YES ADVENTURE;Dellys;27/08/2022;27/08/2022;06:45;20:00;visite guidée vers l'extraordinaire ville de Dellys;1700;Alger Centre;;;
YES ADVENTURE; plage sauvage Remilia – Beni Haoua;07/08/2022;27/08/2022;06:15;21:45:00;sortie  plage sauvage Remilia – Beni Haoua;2200;Alger Centre;;"Découvrir la magnifique plage sauvage Remilia Beni Haoua.
- Départ par Barque pour accéder à la plage.
- Transport confortable Aller-Retour
- Temps libre, Baignade ou relaxation ??
- Petit déjeuner (croissant + jus) inclus dans le prix
- Détente et découverte
- Une tente est disponible pour se changer";
YES ADVENTURE;"plage """"ADIM";26/08/2022;26/08/2022;07:00;20:00;"sortie plage """"ADIM";2000;Alger Centre;;;
YES ADVENTURE;Mizrana;23/08/2022;23/08/2022;06:45;21:00;Sortie organisée à la magnifique plage Mizrana – Tigzirt;1600;Alger Centre;;;
YES ADVENTURE;Mizrana;19/08/2022;19/08/2022;06:45;20::00;Sortie organisée à la magnifique plage Mizrana – Tigzirt;1600;Alger Centre;;;
YES ADVENTURE;EL BRIDJ;24/08/2022;24/08/2022;07:00;08:00;BIVOUAC A LA PLAGE VIERGE TEIMOUM (EL BRIDJ – ELKALA);200;Alger Centre;;;
YES ADVENTURE;Beni Haoua;19/08/2022;20/08/2022;07:00;08:00;Sortie vers la plage sauvage Remilia Beni Haoua;2000;Alger Centre;;"Découvrir la magnifique plage sauvage Remilia Beni Haoua.
- Départ par Barque pour accéder à la plage.
- Transport confortable Aller-Retour
- Temps libre, Baignade ou relaxation ??
- Petit déjeuner (croissant + jus) inclus dans le prix
- Détente et découverte
- Une tente est disponible pour se changer";
YES ADVENTURE;Tigzirt;19/08/2022;20/08/2022;07:00;08:00;"Sortie Plage à Tigzirt""";2000;Alger Centre;;;
YES ADVENTURE; Cherchell;juillet;septembre;07:00;08:00;BAPTÊME DE PLONGÉE SOUS MARINE;3800;Alger Centre;;;
YES ADVENTURE;Ath Hichem;19/08/2022;19/08/2022;06:45;21:00;La Fête du tapis traditionnel d'Ath Hichem;1700;Alger Centre;;;
YES ADVENTURE;village sahel;12/08/2022;12/08/2022;06:45;21:00;La Fête de la Figue de Barbarie, Village Sahel;1700;Alger Centre;;;
YES ADVENTURE; la CASBAH D'ALGER;08/08/2022;08/08/2022;17:45;21:45;Casbah D'Alger By Night ;3500;Alger Centre;;"Regroupement à 17h45 au niveau de la Place des Martyrs à la Sortie de la Bouche de Métro""""???? ???????""""
- Visite Guidée des monuments historiques de la casbah d’Alger ( Mustapha Bacha, Ancienne Maisonnette)
- Dîner traditionnel: Salade variée + Chorba + Bourak + Rechta avec du Poulet + Eau Minérale + Boisson Gazeuse + Thé + Gâteau Traditionnel ;
- EL Hana """"?????"""";
- Boukalat """"???????"""";
- Soirée Musicale Chaabi;
- Guide, assistance et sécurité durant tout l’événement.";
YES ADVENTURE;Dellys – Histoire & Patrimoine;06/08/2022;06/08/2022;06:45;20:00;visite Guidée à Dellys – Histoire & Patrimoine;1700;Alger Centre; ;;
YES ADVENTURE;Cherchel;01/07/2022;02/07/2022;07:00;19:00;BAPTÊME DE PLONGÉE SOUS MARINE;3800;Alger Centre;;;
YES ADVENTURE; Tigzirt;01/07/2022;02/07/2022;06:45;20:00;Sortie Kayak et Plage;2800;Alger Centre;;;
YES ADVENTURE; Mizrana;05-août;05/08/2022;06:45;20:00;Sortie au bord de la mer ;1600;Alger Centre;;;
YES ADVENTURE;plage sauvage Remilia – Beni Haoua;05/08/2022;05/08/2022;06:30;21:30; Sortie organisée à la magnifique plage sauvage Remilia;2200;Alger Centre;;"Découvrir la magnifique plage sauvage Remilia Beni Haoua.
- Départ par Barque pour accéder à la plage.
- Transport confortable Aller-Retour
- Temps libre, Baignade ou relaxation ??
- Petit déjeuner (croissant + jus) inclus dans le prix
- Détente et découverte
- Une tente est disponible pour se changer";
YES ADVENTURE;kabilye;29/07/2022;30/07/2022;07:00;20:00;Séjour en Kabylie pour assister au concert d'Aït Menguellet et la célèbre la fête des bijoux à Ath Yenni ;5900;Alger Centre;;;
YES ADVENTURE;Tigzirt;29/07/2022;29/07/2022;06:45;20:00;Sortie organisée à la magnifique plage Mizrana ;1600;Alger Centre;;;
YES ADVENTURE;BENI HAOUA;29/07/2022;30/07/2022;06:30;21:30;BIVOUAC A LA PLAGE SAUVAGE REMILIA-;3700;Alger Centre;;"Découvrir la magnifique plage sauvage Remilia Beni Haoua.
- Départ par Barque pour accéder à la plage.
- Transport confortable Aller-Retour
- Temps libre, Baignade ou relaxation ??
- Petit déjeuner (croissant + jus) inclus dans le prix
- Détente et découverte
- Une tente est disponible pour se changer";
YES ADVENTURE;ath yenni ;29/07/2022;30/07/2022;06:45;20:30;La Fête des Bijoux Traditionnel d'Ath Yenni;1700;Alger Centre;;;
YES ADVENTURE;Beni Haoua;29/07/2022;29/07/2022;06:45;20:30;BIVOUAC A LA PLAGE SAUVAGE REMILIA;1700;Alger Centre;;"Découvrir la magnifique plage sauvage Remilia Beni Haoua.
- Départ par Barque pour accéder à la plage.
- Transport confortable Aller-Retour
- Temps libre, Baignade ou relaxation ??
- Petit déjeuner (croissant + jus) inclus dans le prix
- Détente et découverte
- Une tente est disponible pour se changer";
YES ADVENTURE;tipaza;;chaque vendredi ;07:00;21:30;Sortie Kayak et Plage pendant;2800;Alger Centre;;;
YES ADVENTURE;Cherchel;22/07/2022;22/07/2022;07:00;20:00;Sortie Kayak et Plage;3800;Alger Centre;;;
YES ADVENTURE;Cherchel;22/07/2022;22/07/2022;07:00;20:00;BAPTÊME DE PLONGÉE SOUS MARINE;3800;Alger Centre;;;
YES ADVENTURE;Beni Haoua;22/07/2022;23/07/2022;06:45;21:30;Sortie organisée à la magnifique plage sauvage Remilia – Beni Haoua ;2200;Alger Centre;;"Découvrir la magnifique plage sauvage Remilia Beni Haoua.
- Départ par Barque pour accéder à la plage.
- Transport confortable Aller-Retour
- Temps libre, Baignade ou relaxation ??
- Petit déjeuner (croissant + jus) inclus dans le prix
- Détente et découverte
- Une tente est disponible pour se changer";
YES ADVENTURE;Tigzirt;29/07/2022;23/07/2022;06:45;20:00;Journée plage à Tigzirt;2000;Alger Centre;;;
YES ADVENTURE;Casbah d'Alger ;16/07/2022;16/08/2022;09:45;21:00;Visite Casbah d'Alger;1200;Alger Centre;;;
YES ADVENTURE;Tigzirt;15/07/2022;15/07/2022;06:45;21:00;Sortie organisée à la magnifique plage Mizrana ;1600;Alger Centre;;;
YES ADVENTURE;Beni Haoua;15/07/2022;15/07/2022;06:45;21:30;ortie organisée à la magnifique plage sauvage Remilia – Beni Haoua;2200;Alger Centre;;"Découvrir la magnifique plage sauvage Remilia Beni Haoua.
- Départ par Barque pour accéder à la plage.
- Transport confortable Aller-Retour
- Temps libre, Baignade ou relaxation ??
- Petit déjeuner (croissant + jus) inclus dans le prix
- Détente et découverte
- Une tente est disponible pour se changer";
YES ADVENTURE;Beni Haoua;05/07/2022;05/07/2022;06:45;21:30;sortie organisée à la magnifique plage sauvage Remilia ;2200;Alger Centre;;"Découvrir la magnifique plage sauvage Remilia Beni Haoua.
- Départ par Barque pour accéder à la plage.
- Transport confortable Aller-Retour
- Temps libre, Baignade ou relaxation ??
- Petit déjeuner (croissant + jus) inclus dans le prix
- Détente et découverte
- Une tente est disponible pour se changer";
YES ADVENTURE;tipaza;01/06/2022;30/08/2022;07:00;20:00; Sortie Kayak et Plage;2800;Alger Centre;;;
YES ADVENTURE;Tizi ouzou;05/07/2022;05/07/2022;06:45;20:30;Parc Aquatiqu;1800;Alger Centre;;"06H15 : Rassemblement a la place Aissat idir.
Départ à 06H30
NB : Aucun retard n'est accepté.
 Cette randonnée nécessite une certaine condition physique.
 Pensez à bien vous reposer la veille de la randonnée afin d'éviter les problèmes cardiovasculaires
Déplacement se fera par Bus Confortable (Higer) 
 Retour le même jour 
?? 21h00 : Arrivée probable à Alger incha'allah
--------------------------------------
?? Fiche Technique
? Difficulté : très difficile
? Parcours : 18 Km en Aller - Retour
? Altitude : 2308 mètres d'altitude
? Sentier : très technique avec un dénivelé positif cumulé important
? Technicité :
-Chaussures randonnée OBLIGATOIRE
-Au sommet, un vent froid peut souffler : prévoir des vêtements adaptés.";
YES ADVENTURE;tipaza;01/07/2022;01/07/2022;07:00;20:00;Sortie organisée vers la plage Chenoua – Tipaz;1300;Alger Centre;;;
YES ADVENTURE;Beni Haoua;01/07/2022;01/07/2022;06:45;20:00;Sortie organisée à la magnifique plage sauvage Remilia;2200;Alger Centre;;"Découvrir la magnifique plage sauvage Remilia Beni Haoua.
- Départ par Barque pour accéder à la plage.
- Transport confortable Aller-Retour
- Temps libre, Baignade ou relaxation ??
- Petit déjeuner (croissant + jus) inclus dans le prix
- Détente et découverte
- Une tente est disponible pour se changer";
YES ADVENTURE;Tigzirt;01/07/2022;01/07/2022;06:45;20:00; Sortie organisée à la magnifique plage Mizrana ;1600;Alger Centre;;;
YES ADVENTURE;chenoua plage;01/06/2022;01/07/2022;07:00;20:00;BAPTÊME DE PLONGÉE SOUS MARINE;3800;Alger Centre;;;
YES ADVENTURE;Tipaza;24/06/2022;24/06/2022;07:00;21:00;Sortie Kayak et Plage ;2800;Alger Centre;;;
YES ADVENTURE;Tizi ouzou;24/06/2022;24/06/2022;06:45;20:00; Parc Aquatique;3400;Alger Centre;;;
YES ADVENTURE;chenoua plage;24/06/2022;24/06/2022;07:00;21:30;"Sortie organisée vers une magnifique plage privée """"Paradis Secret""""";1700;Alger Centre;;;
YES ADVENTURE;lac vert ;17/06/2022;17/06/2022;06:45;20:30; RANDONNÉE ORGANISÉE A LA FORET De Yakouren ;1700;Alger Centre;;;
YES ADVENTURE;Megtaa Lazrag et Oued lakhra - Hammam Melouane ;17/06/2022;17/06/2022;07:00;21:00; Randonnée Aquatique (Pieds dans l'eau) ;1700;Alger Centre;;;
YES ADVENTURE;tigzirt ;10/06/2022;10/06/2022;08:00;18:00;Sortie organisée à la magnifique plage Mizrana;1600;Alger Centre;;;
YES ADVENTURE;cap carbon ;17/06/2022;17/06/2022;06:30;22:00;Visite Culturel & Touristique à Béjaia;2000;Alger Centre;;;
YES ADVENTURE;dellys;18/06/2022;18/06/2022;06:45;20:00;Visite Guidée à Dellys;1700;Alger Centre;;;
YES ADVENTURE;Tigzirt;10/06/2022;10/06/2022;06:45;21:00;sortie organisée à la magnifique plage Mizrana;1600;Alger Centre;;;
YES ADVENTURE;foret akfadou ;10/06/2022;10/06/2022;06:30;21:00;Randonnée Pédestre - Traversée de la forêt d'Akfadou;1800;Alger Centre;;;
YES ADVENTURE;Megtaa Lazrag et Oued lakhra;10/06/2022;10/06/2022;07:00;19:00; Randonnée Aquatique;1700;Alger Centre;;;
YES ADVENTURE; Hammam Melouane;03/06/2022;03/06/2022;07:00;19:00; Randonnée Aquatique;1700;Alger Centre;;;
YES ADVENTURE;zonday;28/05/2022;28/05/2022;07:00;19:00;Randonnée vers les Cascades Cachées de ZONDAY;1600;Alger Centre;;;
YES ADVENTURE;foret des cedre ;02/06/2022;02/06/2022;09:30;17:30;RANDONNÉE ORGANISÉE A LA FORET DES CÈDRES;1700;Alger Centre;;;
YES ADVENTURE;Forêt d'Akfadou ;27/05/2022;27/05/2022;06:45;20:30;Randonnée Pédestre vers Lac Urufel;1600;Alger Centre;;;
YES ADVENTURE;Hammam Melouane ;07/05/2022;27/05/2022;07:30;20:30;Randonnée Organisée pour découvrir Megtaa Lazrag et Oued Chiffa;1600;Alger Centre;;;
YES ADVENTURE;Megtaa Lazreg;20-mai;20/05/2022;06:30;21:30;Randonnée vers Megtaa Lazreg;2000;Alger Centre;;;
YES ADVENTURE;Tabourt L3insar;20/05/2022;20/05/2022;06:30;21:30;Randonnée Tala Guilef- Lac agulmim;2000;Alger Centre;;;
YES ADVENTURE;Tipaza;21/05/2022;21/05/2022;07:30;17:30;Sortie Équitation & moment de Détente à la plage;2800;Alger Centre;;;
YES ADVENTURE;dellys;21/05/2022;21/05/2022;07:00;19:00; visite guidée vers l'extraordinaire ville de Dellys;1700;Alger Centre;;;
YES ADVENTURE; Oued el Merdja - El Hamdania;20/05/2022;20/05/2022;07:30;20:30;Randonnée Organisée;1600;Alger Centre;;;
YES ADVENTURE;Cap Carbon;20/05/2022;20/05/2022;06:30;21:30;Visite Culturel & Touristique à Béjaia;2000;Alger Centre;;;
YES ADVENTURE;la casbah;19/05/2022;13/05/2022;07:45;19:00;Visite guidée à La Casbah d'Alger;1600;Alger Centre;;;
YES ADVENTURE;Oued el Merja;13/05/2022;13/05/2022;06:30;19:00;Randonnée Organisée pour découvrir l'ancien chemin de fer abandonné et Oued el Merdja;1600;Alger Centre;;;
YES ADVENTURE;lac vert ;06/05/2022;06/05/2022;06:45;20:00;Randonnée Pédestre au LAC VERT & Village Boumansour;1700;Alger Centre;;;
YES ADVENTURE;Tipaza;14/05/2022;14/05/2022;07:45;18:30;Sortie Équitation & moment de Détente à la plage ;2800;Alger Centre;;;
YES ADVENTURE;lac vert ;13/05/2022;13/05/2022;06:45;20:30;RANDONNEE ORGANISÉE VERS LE LAC VERT ET UNE VISITE AU VILLAGE BOUMANSOUR;1700;Alger Centre;;;
YES ADVENTURE;constantine;13/05/2022;13/05/2022;06:30;21:30;Visite Culturel & Touristique à Constantine;2000;Alger Centre;;;
YES ADVENTURE;Dellys;07/05/2022;07/05/2022;07:00;19:00;Visite Guidée à Dellys;1700;Alger Centre;;;
YES ADVENTURE;lac vert ;06/05/2022;06/05/2022;06:45;20:30;RANDONNEE ORGANISÉE VERS LE LAC VERT ET UNE VISITE AU VILLAGE BOUMANSOUR;1700;Alger Centre;;;
YES ADVENTURE; DJURDJURA ;12/05/2022;14/05/2022;14:00;19:00; BIVOUAC A TALA RANA AVEC UNE RANDONNÉE VERS LE SOMMET DE LALLA KHEDIDJA;3500;Alger Centre;;;
YES ADVENTURE;Casbah d'Alger ;26/03/2022;26/03/2022;09:45;17:00; Visite Guide a la Fabuleuse Casbah d'Alger ;1200;Alger Centre;;;
YES ADVENTURE;Tigjda;01/04/2022;01/04/2022;06:45;20:00;RANDONNÉE ORGANISÉE VERS LE SOMMET DE TÉLÉ SIÈGE ;1700;Alger Centre;;;
YES ADVENTURE;Tazarin;01/04/2022;01/04/2022;06:45;20:30;Randonnée Organisée vers le Mont de Tazarin;1600;Alger Centre;;;
YES ADVENTURE; TALA GUILEF;01/04/2022;01/04/2022;06:45;20:30;RANDONNÉE ORGANISÉE VERS TALA GUILEF;1700;Alger Centre;;;
YES ADVENTURE;Lac noir ;25/03/2022;25/03/2022;06:45;21:00;RANDONNÉE ORGANISÉE VERS LE LAC NOIR – NOUVEAU SENTIER ;1700;Alger Centre;;;
YES ADVENTURE;constantine;25/03/2022;25/03/2022;06:15;21:30; Visite Culturel & Touristique à Constantine;2000;Alger Centre;;"Pont Sidi Slimane (Gantrat senseur)
-Vielle Ville (Swi9a)
-Pont Sidi Msid (Gantrat Lahbal)
-Monument des martyres
-Mosqué Emir Abdelkader
-Détente et découverte
-Shooting Photos";
YES ADVENTURE;Oued Blatt;12/03/2022;12/03/2022;07:45;19:00;Randonnée Organisée vers le Parc National de Chréa;1600;Alger Centre;;;
YES ADVENTURE;Dellys;19/03/2022;19/03/2022;06:45;19:00;isite Guidée à Dellys;1700;Alger Centre;;;
YES ADVENTURE;constantine;18/03/2022;18/03/2022;06:30;21:30;Visite Culturel & Touristique à Constantine;2000;Alger Centre;;"Pont Sidi Slimane (Gantrat senseur)
-Vielle Ville (Swi9a)
-Pont sidi Msid (Gantrat Lahbal)
-Monument des martyres
-Mosqué Emir Abdelkader
-Détente et découverte
-Shooting Photos";
YES ADVENTURE;Lac noir ;18/03/2022;18/03/2022;06:45;20:30;RANDONNÉE ORGANISÉE VERS LE LAC NO;1700;Alger Centre;;;
YES ADVENTURE;Constantine guelma;10/03/2022;12/03/2022;06:30;20:30;Séjour à Constantine – Guelma – Hammam Meskhoutine;13000;Alger Centre;;"(Constantine) :
- Visiter Les Sites Touristiques Suivants (ticket d’accès inclus dans le prix) :
- Palais Ahmed Bey ;
- Musée Cirta ;
- Hai Eswika ;
- Jardin Bardot ;
- Mosquée Emir Abdelkader ;
- Statue de Constantin & Gare Ferroviaire ;
- Pont Mellah Slimane ;
- Pont Sidi Rachid ;
- Pont du Diable ;
- Rue de Yougoslavie ;
- Pont du Pigeon ;
- Pont de Sidi M'Sid ;
- Monument aux Morts ;
- Jardin de Sousse ;
- Pont Bab Al Qantara ;
- Pont Ottoman ;
- Pont Romain & Derb EL Siyah ;
- Théâtre Régional de Constantine ;
- Diner traditionnelle le Vendredi : Salade Algérienne + Chorba Frik + Chekhchoukha au Poulet + Boissons soft et eau Minérale + Thé Maison) ;
- Soirée Musicale animée par un Groupe Local de MALOUF.
?? (Guelma) :
- Visiter de la Grotte Ben Osmane ;
- Tahmima dans complexe touristique thermal (Hammam Meskhoutine) des chambres privées ;
- Visiter les fameuses Chutes de Hamam Debagh ;
- Visite du Lieu de Naissance de l'Ancien Président Houari Boumediene """"Mohamed Boukherouba"""" ;
- Visite de la Ville de Guelma ;
- Visite du Théâtre Romain de Guelma.";
YES ADVENTURE;THENIET EL HAD;11/03/2022;11/03/2022;06:45;20:30;RANDONNEE ORGANISÉE AU PARC NATIONAL DE THENIET EL HAD;1700;Alger Centre;;;
YES ADVENTURE;Bou Saada;11/03/2022;11/03/2022;06:30;21:30;Visite Culturel & Touristique à Bou Saâda ;1800;Alger Centre;;;
YES ADVENTURE;Oued Blatt;12/03/2022;12/03/2022;07:00;19:00;Randonnée Organisée vers le Parc National de Chréa;1600;Alger Centre;;;
